45 #SUP: 625
196 #SUP: 1507
260 #SUP: 1215
432 #SUP: 1277
651 #SUP: 586
890 #SUP: 837
1158 #SUP: 746
1463 #SUP: 858
1511 #SUP: 575
1940 #SUP: 931
2078 #SUP: 736
2086 #SUP: 821
2295 #SUP: 1166
2966 #SUP: 729
3376 #SUP: 592
3599 #SUP: 546
3952 #SUP: 804
3957 #SUP: 1298
4210 #SUP: 1335
4472 #SUP: 618
4562 #SUP: 773
4605 #SUP: 3762
4605 21903 #SUP: 544
4605 24852 #SUP: 1071
4605 47626 #SUP: 747
4605 47766 #SUP: 535
4799 #SUP: 1324
4920 #SUP: 4059
4920 13176 #SUP: 778
4920 16797 #SUP: 543
4920 21137 #SUP: 772
4920 24852 #SUP: 1162
4957 #SUP: 647
5025 #SUP: 1445
5077 #SUP: 2298
5077 24852 #SUP: 628
5212 #SUP: 854
5258 #SUP: 673
5450 #SUP: 3103
5450 24852 #SUP: 865
5479 #SUP: 1132
5618 #SUP: 578
5646 #SUP: 603
5782 #SUP: 647
5785 #SUP: 1535
5818 #SUP: 873
5876 #SUP: 3505
5876 13176 #SUP: 1067
5876 21137 #SUP: 677
5876 21903 #SUP: 618
5876 47209 #SUP: 781
6046 #SUP: 943
6104 #SUP: 554
6184 #SUP: 1351
6187 #SUP: 600
6348 #SUP: 564
6873 #SUP: 587
7021 #SUP: 707
7175 #SUP: 567
7628 #SUP: 653
7751 #SUP: 625
7781 #SUP: 1342
7948 #SUP: 743
8021 #SUP: 1183
8048 #SUP: 610
8174 #SUP: 1980
8174 13176 #SUP: 725
8193 #SUP: 1418
8277 #SUP: 2252
8277 13176 #SUP: 687
8424 #SUP: 2932
8424 24852 #SUP: 925
8424 47626 #SUP: 526
8518 #SUP: 3818
8518 13176 #SUP: 805
8518 21137 #SUP: 597
8518 21903 #SUP: 741
8518 24852 #SUP: 659
8518 24964 #SUP: 563
8518 26209 #SUP: 660
8518 31717 #SUP: 571
8518 47209 #SUP: 540
8518 47626 #SUP: 665
8518 47766 #SUP: 531
8571 #SUP: 632
8670 #SUP: 628
8859 #SUP: 950
9076 #SUP: 2323
9076 24852 #SUP: 716
9387 #SUP: 1379
9839 #SUP: 1653
9839 13176 #SUP: 525
10017 #SUP: 543
10132 #SUP: 696
10246 #SUP: 1062
10644 #SUP: 579
10673 #SUP: 669
10749 #SUP: 2393
10749 13176 #SUP: 629
10749 21137 #SUP: 558
10957 #SUP: 645
11182 #SUP: 1147
11520 #SUP: 1898
11777 #SUP: 1493
12206 #SUP: 699
12341 #SUP: 2276
12341 13176 #SUP: 554
12916 #SUP: 634
13176 #SUP: 15480
13176 16797 #SUP: 777
13176 19057 #SUP: 973
13176 21137 #SUP: 3074
13176 21137 21903 #SUP: 587
13176 21137 27966 #SUP: 649
13176 21137 47209 #SUP: 710
13176 21616 #SUP: 575
13176 21903 #SUP: 2236
13176 22035 #SUP: 587
13176 22825 #SUP: 604
13176 22935 #SUP: 1000
13176 24964 #SUP: 912
13176 26209 #SUP: 932
13176 27104 #SUP: 586
13176 27845 #SUP: 1118
13176 27966 #SUP: 1780
13176 27966 47209 #SUP: 531
13176 28985 #SUP: 535
13176 30391 #SUP: 1268
13176 30489 #SUP: 561
13176 31717 #SUP: 714
13176 35951 #SUP: 612
13176 37646 #SUP: 810
13176 39275 #SUP: 1137
13176 39877 #SUP: 650
13176 39928 #SUP: 654
13176 40706 #SUP: 820
13176 41950 #SUP: 635
13176 42265 #SUP: 825
13176 43352 #SUP: 556
13176 43961 #SUP: 576
13176 44359 #SUP: 632
13176 45007 #SUP: 1041
13176 45066 #SUP: 593
13176 46979 #SUP: 728
13176 47209 #SUP: 2420
13176 47626 #SUP: 1057
13176 47766 #SUP: 1070
13176 48679 #SUP: 632
13198 #SUP: 642
13535 #SUP: 723
13629 #SUP: 772
13646 #SUP: 622
13733 #SUP: 525
13870 #SUP: 991
13984 #SUP: 742
14084 #SUP: 544
14218 #SUP: 540
14233 #SUP: 554
14678 #SUP: 753
14947 #SUP: 1125
14992 #SUP: 1160
15290 #SUP: 1864
15872 #SUP: 686
15902 #SUP: 552
15937 #SUP: 778
16083 #SUP: 619
16185 #SUP: 1262
16349 #SUP: 704
16759 #SUP: 1742
16797 #SUP: 6494
16797 21903 #SUP: 650
16797 24852 #SUP: 1948
16797 39275 #SUP: 563
16797 43352 #SUP: 658
16797 47626 #SUP: 671
16797 47766 #SUP: 575
16953 #SUP: 991
16965 #SUP: 635
17122 #SUP: 670
17461 #SUP: 646
17600 #SUP: 733
17794 #SUP: 2497
17794 24852 #SUP: 527
17795 #SUP: 598
17872 #SUP: 628
17948 #SUP: 1065
18027 #SUP: 698
18362 #SUP: 938
18370 #SUP: 592
18441 #SUP: 610
18465 #SUP: 1767
18523 #SUP: 810
18531 #SUP: 866
19048 #SUP: 715
19057 #SUP: 2891
19057 21137 #SUP: 650
19348 #SUP: 1220
19508 #SUP: 609
19660 #SUP: 2225
19677 #SUP: 564
19678 #SUP: 1174
19691 #SUP: 599
20114 #SUP: 1899
20114 26209 #SUP: 547
20119 #SUP: 714
20842 #SUP: 1046
20955 #SUP: 590
20995 #SUP: 1361
21019 #SUP: 791
21137 #SUP: 10894
21137 21903 #SUP: 1639
21137 22935 #SUP: 671
21137 24852 #SUP: 2174
21137 24964 #SUP: 640
21137 26209 #SUP: 817
21137 26604 #SUP: 637
21137 27845 #SUP: 954
21137 27966 #SUP: 1670
21137 30391 #SUP: 1032
21137 31717 #SUP: 537
21137 37646 #SUP: 574
21137 39275 #SUP: 1269
21137 40706 #SUP: 742
21137 42265 #SUP: 693
21137 43352 #SUP: 563
21137 45007 #SUP: 751
21137 45066 #SUP: 572
21137 46979 #SUP: 634
21137 47209 #SUP: 1539
21137 47626 #SUP: 1017
21137 47766 #SUP: 1088
21195 #SUP: 620
21267 #SUP: 738
21288 #SUP: 1077
21292 #SUP: 536
21376 #SUP: 753
21405 #SUP: 1041
21573 #SUP: 540
21616 #SUP: 2923
21616 21903 #SUP: 567
21616 24852 #SUP: 594
21709 #SUP: 1423
21903 #SUP: 9784
21903 22935 #SUP: 748
21903 24852 #SUP: 2000
21903 24964 #SUP: 822
21903 26209 #SUP: 939
21903 27845 #SUP: 675
21903 27966 #SUP: 764
21903 28985 #SUP: 532
21903 30391 #SUP: 933
21903 31717 #SUP: 653
21903 39275 #SUP: 686
21903 40706 #SUP: 848
21903 42265 #SUP: 625
21903 45007 #SUP: 950
21903 46979 #SUP: 699
21903 47209 #SUP: 1252
21903 47626 #SUP: 1238
21903 47766 #SUP: 1402
21903 48679 #SUP: 617
21938 #SUP: 2521
21938 24852 #SUP: 612
22035 #SUP: 1993
22395 #SUP: 542
22825 #SUP: 1893
22935 #SUP: 4290
22935 24852 #SUP: 679
22935 24964 #SUP: 850
22935 26209 #SUP: 538
22935 47209 #SUP: 731
22935 47626 #SUP: 539
22963 #SUP: 1123
23165 #SUP: 764
23288 #SUP: 793
23375 #SUP: 754
23734 #SUP: 1022
23909 #SUP: 1540
24184 #SUP: 2905
24184 24852 #SUP: 838
24489 #SUP: 1213
24561 #SUP: 538
24799 #SUP: 757
24830 #SUP: 1152
24838 #SUP: 2169
24852 #SUP: 18726
24852 24964 #SUP: 714
24852 25890 #SUP: 586
24852 26209 #SUP: 1331
24852 26604 #SUP: 690
24852 27845 #SUP: 1044
24852 27966 #SUP: 899
24852 28204 #SUP: 1210
24852 28985 #SUP: 638
24852 29487 #SUP: 572
24852 30391 #SUP: 831
24852 30489 #SUP: 651
24852 31717 #SUP: 592
24852 34969 #SUP: 594
24852 37646 #SUP: 666
24852 39275 #SUP: 925
24852 40706 #SUP: 869
24852 42265 #SUP: 739
24852 43352 #SUP: 623
24852 43961 #SUP: 646
24852 44632 #SUP: 665
24852 45007 #SUP: 939
24852 45066 #SUP: 1231
24852 46979 #SUP: 793
24852 47209 #SUP: 947
24852 47626 #SUP: 2158
24852 47766 #SUP: 2216
24852 48679 #SUP: 549
24852 49683 #SUP: 743
24964 #SUP: 4158
24964 26209 #SUP: 654
24964 47209 #SUP: 657
24964 47626 #SUP: 780
24964 47766 #SUP: 568
25146 #SUP: 1054
25466 #SUP: 689
25659 #SUP: 1045
25890 #SUP: 2088
25931 #SUP: 710
26165 #SUP: 847
26209 #SUP: 6033
26209 28842 #SUP: 558
26209 31717 #SUP: 1007
26209 47209 #SUP: 786
26209 47626 #SUP: 1595
26209 47766 #SUP: 1037
26369 #SUP: 1221
26497 #SUP: 615
26604 #SUP: 2843
26620 #SUP: 899
26790 #SUP: 651
26940 #SUP: 730
27086 #SUP: 2424
27104 #SUP: 2651
27156 #SUP: 1576
27323 #SUP: 543
27336 #SUP: 607
27344 #SUP: 1788
27521 #SUP: 1761
27695 #SUP: 554
27845 #SUP: 4908
27966 #SUP: 5546
27966 30391 #SUP: 566
27966 39275 #SUP: 694
27966 47209 #SUP: 1019
28156 #SUP: 660
28199 #SUP: 1478
28204 #SUP: 3257
28289 #SUP: 830
28465 #SUP: 705
28842 #SUP: 1920
28849 #SUP: 1250
28934 #SUP: 687
28985 #SUP: 2627
28993 #SUP: 728
29447 #SUP: 572
29487 #SUP: 1953
29987 #SUP: 944
30169 #SUP: 638
30233 #SUP: 1137
30391 #SUP: 4613
30391 47209 #SUP: 831
30391 47626 #SUP: 670
30391 47766 #SUP: 548
30450 #SUP: 850
30489 #SUP: 2858
30720 #SUP: 657
30776 #SUP: 855
30827 #SUP: 693
31040 #SUP: 707
31343 #SUP: 1036
31506 #SUP: 2068
31553 #SUP: 1284
31683 #SUP: 819
31717 #SUP: 3526
31717 47766 #SUP: 528
32177 #SUP: 610
32303 #SUP: 554
32478 #SUP: 763
32655 #SUP: 1052
32689 #SUP: 988
32734 #SUP: 640
32864 #SUP: 914
33000 #SUP: 1476
33120 #SUP: 834
33129 #SUP: 694
33198 #SUP: 1803
33401 #SUP: 568
33731 #SUP: 1694
33754 #SUP: 973
33768 #SUP: 542
33787 #SUP: 644
34050 #SUP: 581
34126 #SUP: 2400
34243 #SUP: 1351
34358 #SUP: 1920
34448 #SUP: 684
34969 #SUP: 2234
35042 #SUP: 734
35108 #SUP: 808
35221 #SUP: 1966
35547 #SUP: 619
35561 #SUP: 637
35921 #SUP: 769
35939 #SUP: 850
35951 #SUP: 2176
36011 #SUP: 811
36070 #SUP: 754
36550 #SUP: 562
36695 #SUP: 926
36865 #SUP: 576
37067 #SUP: 2332
37158 #SUP: 570
37646 #SUP: 2809
37687 #SUP: 1362
37710 #SUP: 533
37766 #SUP: 635
38159 #SUP: 692
38293 #SUP: 958
38383 #SUP: 850
38400 #SUP: 633
38456 #SUP: 845
38557 #SUP: 593
38689 #SUP: 1206
38739 #SUP: 1633
38768 #SUP: 591
38777 #SUP: 590
39275 #SUP: 4966
39275 43352 #SUP: 574
39408 #SUP: 959
39475 #SUP: 951
39619 #SUP: 772
39812 #SUP: 665
39877 #SUP: 2337
39928 #SUP: 1880
39984 #SUP: 631
39993 #SUP: 708
40174 #SUP: 686
40199 #SUP: 614
40310 #SUP: 897
40332 #SUP: 690
40396 #SUP: 654
40516 #SUP: 624
40545 #SUP: 667
40571 #SUP: 648
40604 #SUP: 1449
40706 #SUP: 3823
40706 47626 #SUP: 577
40706 47766 #SUP: 684
40709 #SUP: 597
40723 #SUP: 730
41149 #SUP: 823
41220 #SUP: 1154
41290 #SUP: 791
41665 #SUP: 664
41787 #SUP: 1207
41844 #SUP: 1218
41950 #SUP: 2538
42244 #SUP: 531
42265 #SUP: 3597
42342 #SUP: 928
42356 #SUP: 622
42450 #SUP: 712
42585 #SUP: 1186
42625 #SUP: 658
42701 #SUP: 1047
42736 #SUP: 1435
42768 #SUP: 1141
42828 #SUP: 1078
43086 #SUP: 644
43122 #SUP: 980
43154 #SUP: 686
43295 #SUP: 1248
43352 #SUP: 3279
43713 #SUP: 760
43768 #SUP: 943
43772 #SUP: 1024
43789 #SUP: 1222
43961 #SUP: 2460
44142 #SUP: 1468
44359 #SUP: 2623
44422 #SUP: 747
44449 #SUP: 584
44570 #SUP: 616
44632 #SUP: 3359
44683 #SUP: 1149
44910 #SUP: 777
44987 #SUP: 878
45007 #SUP: 4589
45007 47209 #SUP: 645
45007 47626 #SUP: 736
45007 47766 #SUP: 597
45066 #SUP: 3551
45066 47626 #SUP: 542
45066 47766 #SUP: 563
45123 #SUP: 546
45535 #SUP: 536
45603 #SUP: 644
46654 #SUP: 874
46667 #SUP: 2007
46676 #SUP: 993
46720 #SUP: 527
46802 #SUP: 1077
46906 #SUP: 1527
46969 #SUP: 706
46979 #SUP: 3868
46979 47626 #SUP: 702
47141 #SUP: 565
47144 #SUP: 1465
47209 #SUP: 7293
47209 47626 #SUP: 733
47626 #SUP: 8135
47626 47766 #SUP: 1349
47630 #SUP: 796
47672 #SUP: 835
47734 #SUP: 785
47766 #SUP: 7409
47977 #SUP: 630
48205 #SUP: 878
48364 #SUP: 916
48679 #SUP: 2568
48745 #SUP: 663
48775 #SUP: 590
49075 #SUP: 572
49235 #SUP: 2646
49383 #SUP: 641
49520 #SUP: 651
49683 #SUP: 2413
